[0;36m
-----------------------------------------------
Index determination in DAEs using AD techniques
-----------------------------------------------

[0m[0;30mdeg = 5
eps = 1e-010
ioeps = 1e-012
printWhat = 2
t = 0
n_tra = 1
m_tra = 8
n_dyn = 8
m_dyn = 6
n_dae = 14
m_dae = 8
[0m
*** COMPUTATIONS ***

[0;36m
-------------------
T R A J E C T O R Y
-------------------[0m[0;30m
x(t) =
  0
  1
  0
  0
  1
  1.0986123
  -1
  5

[0m[0;36m
-------------
D Y N A M I C
-------------[0m[0;30m
d(x(t), t) =
  0
  1
  0
  0
  1
  1.0986123

[0m[0;36m
-----
D A E
-----[0m[0;30m
f(d'(x(t),t), x(t), t) =
  1
  -1
  -0.098612289
  18
  -23
  -24.666667
  0.45969769
  -0.84147098

[0m[0;36m------------------------
Matrices  D,  A,  and  B
------------------------[0m[0;35m
D = 
  1	0	0	0	0	0	0	0	
  0	1	0	0	0	0	0	0	
  0	0	1	0	0	0	0	0	
  0	0	0	1	0	0	0	0	
  0	0	0	0	1	0	0	0	
  0	0	0	0	0	1	0	0	

  0	0	0	0	0	0	0	0	
  0	0	0	0	0	0	0	0	
  0	0	0	0	0	0	0	0	
  0	0	0	0	0	0	0	0	
  0	0	0	0	0	0	0	0	
  0	0	0	0	0	0	0	0	

  0	0	0	0	0	0	0	0	
  0	0	0	0	0	0	0	0	
  0	0	0	0	0	0	0	0	
  0	0	0	0	0	0	0	0	
  0	0	0	0	0	0	0	0	
  0	0	0	0	0	0	0	0	

  0	0	0	0	0	0	0	0	
  0	0	0	0	0	0	0	0	
  0	0	0	0	0	0	0	0	
  0	0	0	0	0	0	0	0	
  0	0	0	0	0	0	0	0	
  0	0	0	0	0	0	0	0	

  0	0	0	0	0	0	0	0	
  0	0	0	0	0	0	0	0	
  0	0	0	0	0	0	0	0	
  0	0	0	0	0	0	0	0	
  0	0	0	0	0	0	0	0	
  0	0	0	0	0	0	0	0	

[0m[0;35m
A = 
  1	0	0	0	0	0	
  0	1	0	0	0	0	
  0	0	1	0	0	0	
  0	0	0	1	0	0	
  0	0	0	0	1	0	
  0	0	0	0	0	1	
  0	0	0	0	0	0	
  0	0	0	0	0	0	

  0	0	0	0	0	0	
  0	0	0	0	0	0	
  0	0	0	0	0	0	
  0	0	0	0	0	0	
  0	0	0	0	0	0	
  0	0	0	0	0	0	
  0	0	0	0	0	0	
  0	0	0	0	0	0	

  0	0	0	0	0	0	
  0	0	0	0	0	0	
  0	0	0	0	0	0	
  0	0	0	0	0	0	
  0	0	0	0	0	0	
  0	0	0	0	0	0	
  0	0	0	0	0	0	
  0	0	0	0	0	0	

  0	0	0	0	0	0	
  0	0	0	0	0	0	
  0	0	0	0	0	0	
  0	0	0	0	0	0	
  0	0	0	0	0	0	
  0	0	0	0	0	0	
  0	0	0	0	0	0	
  0	0	0	0	0	0	

  0	0	0	0	0	0	
  0	0	0	0	0	0	
  0	0	0	0	0	0	
  0	0	0	0	0	0	
  0	0	0	0	0	0	
  0	0	0	0	0	0	
  0	0	0	0	0	0	
  0	0	0	0	0	0	

[0m[0;35m
B = 
  0	0	0	-1	0	0	0	0	
  0	0	0	0	-1	0	0	0	
  0	0	0	0	0	-1	0	0	
  0	4	-10.413898	0	0	0	-2	2	
  0	-7	16.413898	0	0	0	2	-3	
  0	-7	17.620847	0	0	0	3	-3	
  0	0	0	0	0	0	0	0	
  2	0	1	0	0	0	0	0	

  0	0	0	0	0	0	0	0	
  0	0	0	0	0	0	0	0	
  0	0	0	0	0	0	0	0	
  0	0	-44.253715	-4.3944492	0	-4.3944492	0	0	
  0	0	52.253715	4.3944492	0	4.3944492	0	0	
  0	0	80.380572	6.5916737	0	6.5916737	0	0	
  -3	0	-2	0	0	0	0	0	
  0	0	0	0	0	0	0	0	

  0	0	0	0	0	0	0	0	
  0	0	0	0	0	0	0	0	
  0	0	0	0	0	0	0	0	
  0	-5	44.80389	-11.136109	0	-7.1361088	2	-2	
  0	9	-72.80389	11.136109	0	7.1361088	-2	2	
  0	11.5	-95.016258	22.704163	0	10.704163	-3.5	3.5	
  0.5	0	0.5	0	0	0	0	0	
  -2.5	0	-2	0	0	0	0	0	

  0	0	0	0	0	0	0	0	
  0	0	0	0	0	0	0	0	
  0	0	0	0	0	0	0	0	
  0	5	90.701774	10.55093	0	8.5509299	-2	2	
  0	-9	-89.368441	-10.55093	0	-8.5509299	2	-2	
  0	-11.5	-150.59919	-19.925007	0	-13.925007	3.5	-3.5	
  1.5	0	1.1666667	0	0	0	0	0	
  1	0	1	0	0	0	0	0	

  0	0	0	0	0	0	0	0	
  0	0	0	0	0	0	0	0	
  0	0	0	0	0	0	0	0	
  0	1.8333333	-164.92165	8.3589436	0	2.3589436	-0.83333333	0.83333333	
  0	-3.5	228.25498	-8.3589436	0	-2.3589436	0.83333333	-0.83333333	
  0	-3.6666667	301.78469	-18.22383	0	-4.2238302	1.3333333	-1.3333333	
  -0.75	0	-0.75	0	0	0	0	0	
  0.41666667	0	0.20833333	0	0	0	0	0	

[0mApplying Householder to A...
[0;32m
First Householder pivot element = 1[0m[0;32m
Last Householder pivot > eps (it holds the condition for eps=1e-010) = 1[0m[0m

Rank(A) = 6

Applying Householder to D^T...
[0;32m
First Householder pivot element = 1[0m[0;32m
Last Householder pivot > eps (it holds the condition for eps=1e-010) = 1[0m[0m

Rank(D^T) = 6

Applying Householder to G0=A*D...
[0;32m
First Householder pivot element = 1[0m[0;32m
Last Householder pivot <= eps (it does not hold the condition for eps=1e-010) = 0[0m[0m

Rank(G0=A*D) = 6

Computing Dm...[0;30m
R = D*Dm =
  1	0	0	0	0	0	
  0	1	0	0	0	0	
  0	0	1	0	0	0	
  0	0	0	1	0	0	
  0	0	0	0	1	0	
  0	0	0	0	0	1	

  0	0	0	0	0	0	
  0	0	0	0	0	0	
  0	0	0	0	0	0	
  0	0	0	0	0	0	
  0	0	0	0	0	0	
  0	0	0	0	0	0	

  0	0	0	0	0	0	
  0	0	0	0	0	0	
  0	0	0	0	0	0	
  0	0	0	0	0	0	
  0	0	0	0	0	0	
  0	0	0	0	0	0	

  0	0	0	0	0	0	
  0	0	0	0	0	0	
  0	0	0	0	0	0	
  0	0	0	0	0	0	
  0	0	0	0	0	0	
  0	0	0	0	0	0	

  0	0	0	0	0	0	
  0	0	0	0	0	0	
  0	0	0	0	0	0	
  0	0	0	0	0	0	
  0	0	0	0	0	0	
  0	0	0	0	0	0	

[0m
Computing R01m, -R01m*R02, V0, U0, ...
Computing G0m...

niter = -1,  dim = 6
[0;36m
---------------------------------------
M A T R I X   S E Q U E N C E   L O O P
---------------------------------------[0m

i = 0,  dim = 6
----------------

Computing D*Pi*Dm and updating PPi...[0;30m
D*Pi*Dm = 
  1	0	0	0	0	0	
  0	1	0	0	0	0	
  0	0	1	0	0	0	
  0	0	0	1	0	0	
  0	0	0	0	1	0	
  0	0	0	0	0	1	

  0	0	0	0	0	0	
  0	0	0	0	0	0	
  0	0	0	0	0	0	
  0	0	0	0	0	0	
  0	0	0	0	0	0	
  0	0	0	0	0	0	

  0	0	0	0	0	0	
  0	0	0	0	0	0	
  0	0	0	0	0	0	
  0	0	0	0	0	0	
  0	0	0	0	0	0	
  0	0	0	0	0	0	

  0	0	0	0	0	0	
  0	0	0	0	0	0	
  0	0	0	0	0	0	
  0	0	0	0	0	0	
  0	0	0	0	0	0	
  0	0	0	0	0	0	

  0	0	0	0	0	0	
  0	0	0	0	0	0	
  0	0	0	0	0	0	
  0	0	0	0	0	0	
  0	0	0	0	0	0	
  0	0	0	0	0	0	

[0m[0;30m
updated PPi = PP_i-1*D*Pi*Dm = 
  1	0	0	0	0	0	
  0	1	0	0	0	0	
  0	0	1	0	0	0	
  0	0	0	1	0	0	
  0	0	0	0	1	0	
  0	0	0	0	0	1	

  0	0	0	0	0	0	
  0	0	0	0	0	0	
  0	0	0	0	0	0	
  0	0	0	0	0	0	
  0	0	0	0	0	0	
  0	0	0	0	0	0	

  0	0	0	0	0	0	
  0	0	0	0	0	0	
  0	0	0	0	0	0	
  0	0	0	0	0	0	
  0	0	0	0	0	0	
  0	0	0	0	0	0	

  0	0	0	0	0	0	
  0	0	0	0	0	0	
  0	0	0	0	0	0	
  0	0	0	0	0	0	
  0	0	0	0	0	0	
  0	0	0	0	0	0	

  0	0	0	0	0	0	
  0	0	0	0	0	0	
  0	0	0	0	0	0	
  0	0	0	0	0	0	
  0	0	0	0	0	0	
  0	0	0	0	0	0	

[0m
Computing Bibar, Bibar22, ...
Applying Householder to Bibar22...
[0;32m
First Householder pivot element = 0[0m[0;32m
Last Householder pivot <= eps (it does not hold the condition for eps=1e-010) = 0[0m[0m[0;35m

Intermediate rank value (rank of Bbar_i,22) = 0
[0m
dim = 6 < m_dae = 8
Continue with the while cycle...

Decomposing Stilde and calculating Ri1m, Ri1m*Ri2...
Computing Zi...
Computing Wihat using Gaussian elimin. with scalling and col. pivoting...
Decomposing V_i+1=[V_i+1,1|V_i+1,2] and updating b=[b|V_i+1,2]...
Applying Householder to Ztilde...
[0;32m
First Householder pivot element = 22[0m[0;32m
Last Householder pivot > eps (it holds the condition for eps=1e-010) = 0.5909090909090861[0m[0m

i = 1,  dim = 6
----------------

Computing D*Pi*Dm and updating PPi...[0;30m
D*Pi*Dm = 
  1	0	0	0	0	0	
  0	1	0	0	0	0	
  0	0	1	0	0	0	
  0	0	0	0.6923076923076924	0	0.4615384615384615	
  0	0	0	0	0	0	
  0	0	0	0.4615384615384615	0	0.3076923076923079	

  0	0	0	0	0	0	
  0	0	0	0	0	0	
  0	0	0	0	0	0	
  0	0	0	0	0	0	
  0	0	0	0	0	0	
  0	0	0	0	0	0	

  0	0	0	0	0	0	
  0	0	0	0	0	0	
  0	0	0	0	0	0	
  0	0	0	-0.07100591715976345	0	0.0295857988165682	
  0	0	0	0	0	0	
  0	0	0	0.0295857988165682	0	0.07100591715976301	

  0	0	0	0	0	0	
  0	0	0	0	0	0	
  0	0	0	0	0	0	
  0	0	0	0.07100591715976345	0	-0.0295857988165682	
  0	0	0	0	0	0	
  0	0	0	-0.0295857988165682	0	-0.07100591715976301	

  0	0	0	0	0	0	
  0	0	0	0	0	0	
  0	0	0	0	0	0	
  0	0	0	-0.06964041875284482	0	0.02260658473676225	
  0	0	0	0	0	0	
  0	0	0	0.0226065847367623	0	0.06964041875284477	

[0m[0;30m
updated PPi = PP_i-1*D*Pi*Dm = 
  1	0	0	0	0	0	
  0	1	0	0	0	0	
  0	0	1	0	0	0	
  0	0	0	0.6923076923076924	0	0.4615384615384615	
  0	0	0	0	0	0	
  0	0	0	0.4615384615384615	0	0.3076923076923079	

  0	0	0	0	0	0	
  0	0	0	0	0	0	
  0	0	0	0	0	0	
  0	0	0	0	0	0	
  0	0	0	0	0	0	
  0	0	0	0	0	0	

  0	0	0	0	0	0	
  0	0	0	0	0	0	
  0	0	0	0	0	0	
  0	0	0	-0.07100591715976345	0	0.0295857988165682	
  0	0	0	0	0	0	
  0	0	0	0.0295857988165682	0	0.07100591715976301	

  0	0	0	0	0	0	
  0	0	0	0	0	0	
  0	0	0	0	0	0	
  0	0	0	0.07100591715976345	0	-0.0295857988165682	
  0	0	0	0	0	0	
  0	0	0	-0.0295857988165682	0	-0.07100591715976301	

  0	0	0	0	0	0	
  0	0	0	0	0	0	
  0	0	0	0	0	0	
  0	0	0	-0.06964041875284482	0	0.02260658473676225	
  0	0	0	0	0	0	
  0	0	0	0.0226065847367623	0	0.06964041875284477	

[0m
Computing Bibar, Bibar22, ...
Applying Householder to Bibar22...
[0;32m
First Householder pivot element = 0[0m[0;32m
Last Householder pivot <= eps (it does not hold the condition for eps=1e-010) = 0[0m[0m[0;35m

Intermediate rank value (rank of Bbar_i,22) = 0
[0m
dim = 6 < m_dae = 8
Continue with the while cycle...

Decomposing Stilde and calculating Ri1m, Ri1m*Ri2...
Applying shift operator to DPiDm to calculate (DPiDm)'...[0;30m
DPiDm = 
  1	0	0	0	0	0	
  0	1	0	0	0	0	
  0	0	1	0	0	0	
  0	0	0	0.6923076923076924	0	0.4615384615384615	
  0	0	0	0	0	0	
  0	0	0	0.4615384615384615	0	0.3076923076923079	

  0	0	0	0	0	0	
  0	0	0	0	0	0	
  0	0	0	0	0	0	
  0	0	0	0	0	0	
  0	0	0	0	0	0	
  0	0	0	0	0	0	

  0	0	0	0	0	0	
  0	0	0	0	0	0	
  0	0	0	0	0	0	
  0	0	0	-0.07100591715976345	0	0.0295857988165682	
  0	0	0	0	0	0	
  0	0	0	0.0295857988165682	0	0.07100591715976301	

  0	0	0	0	0	0	
  0	0	0	0	0	0	
  0	0	0	0	0	0	
  0	0	0	0.07100591715976345	0	-0.0295857988165682	
  0	0	0	0	0	0	
  0	0	0	-0.0295857988165682	0	-0.07100591715976301	

  0	0	0	0	0	0	
  0	0	0	0	0	0	
  0	0	0	0	0	0	
  0	0	0	-0.06964041875284482	0	0.02260658473676225	
  0	0	0	0	0	0	
  0	0	0	0.0226065847367623	0	0.06964041875284477	

[0m[0;30m
dDPiDm = DPiDm shifted = (DPiDm)' = 
  0	0	0	0	0	0	
  0	0	0	0	0	0	
  0	0	0	0	0	0	
  0	0	0	0	0	0	
  0	0	0	0	0	0	
  0	0	0	0	0	0	

  0	0	0	0	0	0	
  0	0	0	0	0	0	
  0	0	0	0	0	0	
  0	0	0	-0.1420118343195269	0	0.0591715976331364	
  0	0	0	0	0	0	
  0	0	0	0.0591715976331364	0	0.142011834319526	

  0	0	0	0	0	0	
  0	0	0	0	0	0	
  0	0	0	0	0	0	
  0	0	0	0.2130177514792904	0	-0.0887573964497046	
  0	0	0	0	0	0	
  0	0	0	-0.0887573964497046	0	-0.213017751479289	

  0	0	0	0	0	0	
  0	0	0	0	0	0	
  0	0	0	0	0	0	
  0	0	0	-0.2785616750113793	0	0.09042633894704899	
  0	0	0	0	0	0	
  0	0	0	0.09042633894704921	0	0.2785616750113791	

  0	0	0	0	0	0	
  0	0	0	0	0	0	
  0	0	0	0	0	0	
  0	0	0	0	0	0	
  0	0	0	0	0	0	
  0	0	0	0	0	0	

[0m[0;30m
PPi_{i-1} = 
  1	0	0	0	0	0	
  0	1	0	0	0	0	
  0	0	1	0	0	0	
  0	0	0	1	0	0	
  0	0	0	0	1	0	
  0	0	0	0	0	1	

  0	0	0	0	0	0	
  0	0	0	0	0	0	
  0	0	0	0	0	0	
  0	0	0	0	0	0	
  0	0	0	0	0	0	
  0	0	0	0	0	0	

  0	0	0	0	0	0	
  0	0	0	0	0	0	
  0	0	0	0	0	0	
  0	0	0	0	0	0	
  0	0	0	0	0	0	
  0	0	0	0	0	0	

  0	0	0	0	0	0	
  0	0	0	0	0	0	
  0	0	0	0	0	0	
  0	0	0	0	0	0	
  0	0	0	0	0	0	
  0	0	0	0	0	0	

  0	0	0	0	0	0	
  0	0	0	0	0	0	
  0	0	0	0	0	0	
  0	0	0	0	0	0	
  0	0	0	0	0	0	
  0	0	0	0	0	0	

[0m[0;30m
(DP_{i-1}Dm)' = 
  0	0	0	0	0	0	
  0	0	0	0	0	0	
  0	0	0	0	0	0	
  0	0	0	0	0	0	
  0	0	0	0	0	0	
  0	0	0	0	0	0	

  0	0	0	0	0	0	
  0	0	0	0	0	0	
  0	0	0	0	0	0	
  0	0	0	0	0	0	
  0	0	0	0	0	0	
  0	0	0	0	0	0	

  0	0	0	0	0	0	
  0	0	0	0	0	0	
  0	0	0	0	0	0	
  0	0	0	0	0	0	
  0	0	0	0	0	0	
  0	0	0	0	0	0	

  0	0	0	0	0	0	
  0	0	0	0	0	0	
  0	0	0	0	0	0	
  0	0	0	0	0	0	
  0	0	0	0	0	0	
  0	0	0	0	0	0	

  0	0	0	0	0	0	
  0	0	0	0	0	0	
  0	0	0	0	0	0	
  0	0	0	0	0	0	
  0	0	0	0	0	0	
  0	0	0	0	0	0	

[0m[0;30m
DerivPPi = (PP_{i-1}DPiDm)' = 
  0	0	0	0	0	0	
  0	0	0	0	0	0	
  0	0	0	0	0	0	
  0	0	0	0	0	0	
  0	0	0	0	0	0	
  0	0	0	0	0	0	

  0	0	0	0	0	0	
  0	0	0	0	0	0	
  0	0	0	0	0	0	
  0	0	0	-0.1420118343195269	0	0.0591715976331364	
  0	0	0	0	0	0	
  0	0	0	0.0591715976331364	0	0.142011834319526	

  0	0	0	0	0	0	
  0	0	0	0	0	0	
  0	0	0	0	0	0	
  0	0	0	0.2130177514792904	0	-0.0887573964497046	
  0	0	0	0	0	0	
  0	0	0	-0.0887573964497046	0	-0.213017751479289	

  0	0	0	0	0	0	
  0	0	0	0	0	0	
  0	0	0	0	0	0	
  0	0	0	-0.2785616750113793	0	0.09042633894704899	
  0	0	0	0	0	0	
  0	0	0	0.09042633894704921	0	0.2785616750113791	

  0	0	0	0	0	0	
  0	0	0	0	0	0	
  0	0	0	0	0	0	
  0	0	0	0	0	0	
  0	0	0	0	0	0	
  0	0	0	0	0	0	

[0m
Computing Zi...
Computing Wihat using Gaussian elimin. with scalling and col. pivoting...
Decomposing V_i+1=[V_i+1,1|V_i+1,2] and updating b=[b|V_i+1,2]...
Applying Householder to Ztilde...
[0;32m
First Householder pivot element = 22[0m[0;32m
Last Householder pivot > eps (it holds the condition for eps=1e-010) = 0.5909090909090861[0m[0m

i = 2,  dim = 6
----------------

Computing D*Pi*Dm and updating PPi...[0;30m
D*Pi*Dm = 
  0.6923076923076921	0	0.4615384615384616	0	0	0	
  0	0	0	0	0	0	
  0.4615384615384617	0	0.3076923076923077	0	0	0	
  -0.3076923076923079	0	0.4615384615384615	0.9999999999999998	0	0	
  0	-1	0	0	0.9999999999999999	0	
  0.461538461538462	0	-0.6923076923076923	0	0	0.9999999999999998	

  0	0	0	0.07100591715976315	0	0.04733727810650909	
  0	0	0	0	0	0	
  0	0	0	-0.1065088757396448	0	-0.07100591715976354	
  0.07100591715976318	0	-0.1065088757396451	0.07100591715976301	0	0.04733727810650934	
  0	0	0	0	0	0	
  0.04733727810650897	0	-0.07100591715976282	-0.1065088757396447	0	-0.07100591715976351	

  -0.06372325898953113	0	0.01866181156121927	0.7455621301775174	0	0.4970414201183433	
  0	0	0	0	0	0	
  0.0186618115612196	0	0.08739189804278658	-1.118343195266275	0	-0.7455621301775153	
  0.6818388711879847	0	-1.099681383705054	0.7291761492944949	0	0.4861174328629946	
  0	0	0	0	0	0	
  0.5157032316795639	0	-0.6581702321347293	-1.129267182521623	0	-0.7528447883477484	

  0.2239417387346383	0	-0.2589895311788819	-0.2884352788767918	0	-0.1844006395667747	
  0	0	0	0	0	0	
  -0.2589895311788804	0	0.2730996813837073	0.4504043976051283	0	0.2884352788767889	
  -0.06449354014215181	0	0.191414866426245	-0.6325408774202607	0	-0.4138043719290867	
  0	0	0	0	0	0	
  -0.4433901707456561	0	0.5615349602604981	0.221000665242816	0	0.1354994573019133	

  0.6750257433706945	0	-1.092571993905985	-0.3811141066489299	0	-0.1791253807639761	
  0	0	0	0	0	0	
  -1.092571993905989	0	1.739677289903127	0.7403102132278323	0	0.3811141066489232	
  0.2939116367217671	0	-0.3522617806781543	-2.051150977799213	0	-1.294303959406721	
  0	0	0	0	0	0	
  -1.271697374669968	0	2.120791396552057	-0.3748683654149163	0	-0.3635520554746101	

[0m[0;30m
updated PPi = PP_i-1*D*Pi*Dm = 
  0.6923076923076921	0	0.4615384615384616	0	0	0	
  0	0	0	0	0	0	
  0.4615384615384617	0	0.3076923076923077	0	0	0	
  0	0	0	0.6923076923076924	0	0.4615384615384616	
  0	0	0	0	0	0	
  0	0	0	0.4615384615384614	0	0.307692307692308	

  0	0	0	0.07100591715976315	0	0.04733727810650909	
  0	0	0	0	0	0	
  0	0	0	-0.1065088757396448	0	-0.07100591715976354	
  0.07100591715976326	0	-0.1065088757396449	0	0	0	
  0	0	0	0	0	0	
  0.04733727810650884	0	-0.07100591715976323	0	0	0	

  -0.06372325898953113	0	0.01866181156121927	0.7455621301775174	0	0.4970414201183433	
  0	0	0	0	0	0	
  0.0186618115612196	0	0.08739189804278658	-1.118343195266275	0	-0.7455621301775153	
  0.7455621301775159	0	-1.118343195266274	-0.08739189804278497	0	0.01866181156121927	
  0	0	0	0	0	0	
  0.4970414201183441	0	-0.7455621301775152	0.01866181156121971	0	0.06372325898952982	

  0.2239417387346383	0	-0.2589895311788819	-0.2884352788767918	0	-0.1844006395667747	
  0	0	0	0	0	0	
  -0.2589895311788804	0	0.2730996813837073	0.4504043976051283	0	0.2884352788767889	
  -0.2884352788767902	0	0.450404397605127	-0.2730996813837056	0	-0.258989531178881	
  0	0	0	0	0	0	
  -0.1844006395667756	0	0.2884352788767904	-0.2589895311788805	0	-0.2239417387346379	

  0.6750257433706945	0	-1.092571993905985	-0.3811141066489299	0	-0.1791253807639761	
  0	0	0	0	0	0	
  -1.092571993905989	0	1.739677289903127	0.7403102132278323	0	0.3811141066489232	
  -0.3811141066489272	0	0.7403102132278301	-1.73967728990313	0	-1.092571993905982	
  0	0	0	0	0	0	
  -0.1791253807639801	0	0.3811141066489291	-1.092571993905985	0	-0.6750257433706892	

[0m
Computing Bibar, Bibar22, ...
Applying Householder to Bibar22...
[0;32m
First Householder pivot element = 1[0m[0;32m
Last Householder pivot <= eps (it does not hold the condition for eps=1e-010) = 0[0m[0m[0;35m

Intermediate rank value (rank of Bbar_i,22) = 1
[0m
dim = 7 < m_dae = 8
Continue with the while cycle...

Decomposing Stilde and calculating Ri1m, Ri1m*Ri2...
Applying shift operator to DPiDm to calculate (DPiDm)'...[0;30m
DPiDm = 
  0.6923076923076921	0	0.4615384615384616	0	0	0	
  0	0	0	0	0	0	
  0.4615384615384617	0	0.3076923076923077	0	0	0	
  -0.3076923076923079	0	0.4615384615384615	0.9999999999999998	0	0	
  0	-1	0	0	0.9999999999999999	0	
  0.461538461538462	0	-0.6923076923076923	0	0	0.9999999999999998	

  0	0	0	0.07100591715976315	0	0.04733727810650909	
  0	0	0	0	0	0	
  0	0	0	-0.1065088757396448	0	-0.07100591715976354	
  0.07100591715976318	0	-0.1065088757396451	0.07100591715976301	0	0.04733727810650934	
  0	0	0	0	0	0	
  0.04733727810650897	0	-0.07100591715976282	-0.1065088757396447	0	-0.07100591715976351	

  -0.06372325898953113	0	0.01866181156121927	0.7455621301775174	0	0.4970414201183433	
  0	0	0	0	0	0	
  0.0186618115612196	0	0.08739189804278658	-1.118343195266275	0	-0.7455621301775153	
  0.6818388711879847	0	-1.099681383705054	0.7291761492944949	0	0.4861174328629946	
  0	0	0	0	0	0	
  0.5157032316795639	0	-0.6581702321347293	-1.129267182521623	0	-0.7528447883477484	

  0.2239417387346383	0	-0.2589895311788819	-0.2884352788767918	0	-0.1844006395667747	
  0	0	0	0	0	0	
  -0.2589895311788804	0	0.2730996813837073	0.4504043976051283	0	0.2884352788767889	
  -0.06449354014215181	0	0.191414866426245	-0.6325408774202607	0	-0.4138043719290867	
  0	0	0	0	0	0	
  -0.4433901707456561	0	0.5615349602604981	0.221000665242816	0	0.1354994573019133	

  0.6750257433706945	0	-1.092571993905985	-0.3811141066489299	0	-0.1791253807639761	
  0	0	0	0	0	0	
  -1.092571993905989	0	1.739677289903127	0.7403102132278323	0	0.3811141066489232	
  0.2939116367217671	0	-0.3522617806781543	-2.051150977799213	0	-1.294303959406721	
  0	0	0	0	0	0	
  -1.271697374669968	0	2.120791396552057	-0.3748683654149163	0	-0.3635520554746101	

[0m[0;30m
dDPiDm = DPiDm shifted = (DPiDm)' = 
  0	0	0	0.07100591715976315	0	0.04733727810650909	
  0	0	0	0	0	0	
  0	0	0	-0.1065088757396448	0	-0.07100591715976354	
  0.07100591715976318	0	-0.1065088757396451	0.07100591715976301	0	0.04733727810650934	
  0	0	0	0	0	0	
  0.04733727810650897	0	-0.07100591715976282	-0.1065088757396447	0	-0.07100591715976351	

  -0.1274465179790623	0	0.03732362312243853	1.491124260355035	0	0.9940828402366866	
  0	0	0	0	0	0	
  0.0373236231224392	0	0.1747837960855732	-2.236686390532551	0	-1.491124260355031	
  1.363677742375969	0	-2.199362767410108	1.45835229858899	0	0.9722348657259892	
  0	0	0	0	0	0	
  1.031406463359128	0	-1.316340464269459	-2.258534365043246	0	-1.505689576695497	

  0.6718252162039148	0	-0.7769685935366457	-0.8653058366303753	0	-0.5532019187003241	
  0	0	0	0	0	0	
  -0.7769685935366411	0	0.819299044151122	1.351213192815385	0	0.8653058366303666	
  -0.1934806204264554	0	0.5742445992787348	-1.897622632260782	0	-1.24141311578726	
  0	0	0	0	0	0	
  -1.330170512236968	0	1.684604880781494	0.6630019957284481	0	0.4064983719057398	

  2.700102973482778	0	-4.37028797562394	-1.524456426595719	0	-0.7165015230559044	
  0	0	0	0	0	0	
  -4.370287975623954	0	6.958709159612509	2.961240852911329	0	1.524456426595693	
  1.175646546887068	0	-1.409047122712617	-8.204603911196854	0	-5.177215837626882	
  0	0	0	0	0	0	
  -5.086789498679872	0	8.483165586208227	-1.499473461659665	0	-1.454208221898441	

  0	0	0	0	0	0	
  0	0	0	0	0	0	
  0	0	0	0	0	0	
  0	0	0	0	0	0	
  0	0	0	0	0	0	
  0	0	0	0	0	0	

[0m[0;30m
PPi_{i-1} = 
  1	0	0	0	0	0	
  0	1	0	0	0	0	
  0	0	1	0	0	0	
  0	0	0	0.6923076923076924	0	0.4615384615384615	
  0	0	0	0	0	0	
  0	0	0	0.4615384615384615	0	0.3076923076923079	

  0	0	0	0	0	0	
  0	0	0	0	0	0	
  0	0	0	0	0	0	
  0	0	0	0	0	0	
  0	0	0	0	0	0	
  0	0	0	0	0	0	

  0	0	0	0	0	0	
  0	0	0	0	0	0	
  0	0	0	0	0	0	
  0	0	0	-0.07100591715976345	0	0.0295857988165682	
  0	0	0	0	0	0	
  0	0	0	0.0295857988165682	0	0.07100591715976301	

  0	0	0	0	0	0	
  0	0	0	0	0	0	
  0	0	0	0	0	0	
  0	0	0	0.07100591715976345	0	-0.0295857988165682	
  0	0	0	0	0	0	
  0	0	0	-0.0295857988165682	0	-0.07100591715976301	

  0	0	0	0	0	0	
  0	0	0	0	0	0	
  0	0	0	0	0	0	
  0	0	0	-0.06964041875284482	0	0.02260658473676225	
  0	0	0	0	0	0	
  0	0	0	0.0226065847367623	0	0.06964041875284477	

[0m[0;30m
(DP_{i-1}Dm)' = 
  0	0	0	0	0	0	
  0	0	0	0	0	0	
  0	0	0	0	0	0	
  0	0	0	0	0	0	
  0	0	0	0	0	0	
  0	0	0	0	0	0	

  0	0	0	0	0	0	
  0	0	0	0	0	0	
  0	0	0	0	0	0	
  0	0	0	-0.1420118343195269	0	0.0591715976331364	
  0	0	0	0	0	0	
  0	0	0	0.0591715976331364	0	0.142011834319526	

  0	0	0	0	0	0	
  0	0	0	0	0	0	
  0	0	0	0	0	0	
  0	0	0	0.2130177514792904	0	-0.0887573964497046	
  0	0	0	0	0	0	
  0	0	0	-0.0887573964497046	0	-0.213017751479289	

  0	0	0	0	0	0	
  0	0	0	0	0	0	
  0	0	0	0	0	0	
  0	0	0	-0.2785616750113793	0	0.09042633894704899	
  0	0	0	0	0	0	
  0	0	0	0.09042633894704921	0	0.2785616750113791	

  0	0	0	0	0	0	
  0	0	0	0	0	0	
  0	0	0	0	0	0	
  0	0	0	0	0	0	
  0	0	0	0	0	0	
  0	0	0	0	0	0	

[0m[0;30m
DerivPPi = (PP_{i-1}DPiDm)' = 
  0	0	0	0.07100591715976315	0	0.04733727810650909	
  0	0	0	0	0	0	
  0	0	0	-0.1065088757396448	0	-0.07100591715976354	
  0.07100591715976326	0	-0.1065088757396449	0	0	0	
  0	0	0	0	0	0	
  0.04733727810650884	0	-0.07100591715976323	0	0	0	

  -0.1274465179790623	0	0.03732362312243853	1.491124260355035	0	0.9940828402366866	
  0	0	0	0	0	0	
  0.0373236231224392	0	0.1747837960855732	-2.236686390532551	0	-1.491124260355031	
  1.491124260355032	0	-2.236686390532547	-0.17478379608557	0	0.03732362312243847	
  0	0	0	0	0	0	
  0.9940828402366883	0	-1.49112426035503	0.03732362312243944	0	0.1274465179790597	

  0.6718252162039148	0	-0.7769685935366457	-0.8653058366303753	0	-0.5532019187003241	
  0	0	0	0	0	0	
  -0.7769685935366411	0	0.819299044151122	1.351213192815385	0	0.8653058366303666	
  -0.8653058366303704	0	1.351213192815381	-0.8192990441511168	0	-0.7769685935366427	
  0	0	0	0	0	0	
  -0.5532019187003269	0	0.8653058366303713	-0.7769685935366414	0	-0.6718252162039137	

  2.700102973482778	0	-4.37028797562394	-1.524456426595719	0	-0.7165015230559044	
  0	0	0	0	0	0	
  -4.370287975623954	0	6.958709159612509	2.961240852911329	0	1.524456426595693	
  -1.524456426595709	0	2.961240852911321	-6.958709159612521	0	-4.370287975623927	
  0	0	0	0	0	0	
  -0.71650152305592	0	1.524456426595717	-4.370287975623938	0	-2.700102973482757	

  0	0	0	0	0	0	
  0	0	0	0	0	0	
  0	0	0	0	0	0	
  0.1037186265294521	0	-0.2488869976002773	0.6464301777841278	0	0.4264017904996876	
  0	0	0	0	0	0	
  -0.4264017904996854	0	0.5872585801509859	0.248886997600274	0	0.1628902241625851	

[0m
Computing Zi...
Computing Wihat using Gaussian elimin. with scalling and col. pivoting...
Decomposing V_i+1=[V_i+1,1|V_i+1,2] and updating b=[b|V_i+1,2]...
Applying Householder to Ztilde...
[0;32m
First Householder pivot element = 3296.21960481082[0m[0;32m
Last Householder pivot > eps (it holds the condition for eps=1e-010) = 0.03485075011599773[0m[0m

i = 3,  dim = 7
----------------
[0;31m
WARNING  -->  |Qi^2 - Qi| > eps (for eps=1e-010)

The calculation of the projectors might have problems...
At least for one Taylor coefficient holds: the Frobenius norm of Qi^2 - Qi > eps[0m[0;31m
Frobenius norms =
  2.2995524e-014
  1.7431596e-013
  1.5815297
  20.714192
  36.361978

[0m[0;31m
WARNING  -->  |Gi*Qi| > eps (for eps=1e-010)

At least for one Taylor coefficient holds: the Frobenius norm of Gi*Qi > eps[0m[0;31m
Frobenius norms =
  0.2773501
  0.042669246
  0.74630682
  0.45848785
  1.5317331

[0m
Computing D*Pi*Dm and updating PPi...[0;30m
D*Pi*Dm = 
  0.6923076923076923	0	0.4615384615384612	0	0	0	
  1.076923076923011	1.000000000000005	-1.615384615384672	-1.500000000000012	0	-1.000000000000009	
  0.4615384615384645	0	0.3076923076923037	0	0	0	
  -0.3076923076923416	0	0.4615384615384408	0.3076923076923036	0	-0.4615384615384642	
  1.07692307692301	0	-1.61538461538467	-1.500000000000014	1.000000000000002	-1.000000000000011	
  0.4615384615384421	0	-0.6923076923077109	-0.4615384615384683	0	0.6923076923076872	

  0.1420118343195138	0	-0.2130177514792553	0	0	0	
  4.92307692307428	0	-17.38461538461774	-0.2485207100592083	0	-0.165680473372826	
  0.09467455621304338	0	-0.1420118343195869	0	0	0	
  -2.122894856623922	0	-1.431042330451639	0	0	0	
  4.923076923074287	0	-17.38461538461775	-0.2485207100592073	0	-0.1656804733728251	
  -1.43104233045142	0	-0.9303595812478954	0	0	0	

  0.195721438325044	0	-0.8438780154756834	-0.03277196176603852	0	-0.02184797451069402	
  -91.20976160507068	0	-33.91612682324107	-9.09615384615258	0	-6.230769230768599	
  1.014110150204751	0	-0.6957214383249317	-0.02184797451071839	0	-0.01456531634048106	
  -37.07692307693913	0	-23.85798816569218	0.06932530373647883	0	-0.03070620776550639	
  -91.20976160507084	0	-33.91612682324113	-9.096153846152587	0	-6.230769230768611	
  -24.33136094675615	0	-15.29289940829171	-0.02706487868036035	0	-0.06932530373569297	

  -6.545219004939288	0	-3.134834214490335	-0.4560764679106825	0	-0.3040509786071398	
  -167.3755316158157	-6.136796269890839e-011	-123.0155216322034	-15.71160713075128	-2.687221814991574e-012	-10.33535149938842	
  9.737567545491196	0	4.899565841535132	-0.3809740555304311	0	-0.2539827036869395	
  -88.09932126411972	-2.831790139851722e-011	-40.80592139134911	-0.005251916952349542	-1.291954803977242e-012	0.07342179895846836	
  -167.3755316158159	-6.137506812626599e-011	-123.0155216322036	-15.71160713075129	-2.686999770386654e-012	-10.33535149938841	
  -48.11361369912216	-1.91384751784832e-011	-15.50858795462689	0.1494345436064143	0	0.1509050803554409	

  -46.43203987198719	-2.619080820573275e-012	-29.88596316150257	-0.9005098399374063	0	-0.6039812223764416	
  480.4611970760319	-8.339399001374686e-010	627.5354200702761	23.9589554421953	5.899667807784389e-011	14.82289994710562	
  69.94285574182933	3.887793540326338e-012	44.51840764621354	-1.664850939824342	0	-1.112328179273388	
  299.9802619990404	-3.883698567173156e-010	297.3128672686487	2.895108548660002	2.705416416555081e-011	1.860852100729411	
  480.4611970760323	-8.339576637058626e-010	627.5354200702775	23.95895544219536	5.899667807784399e-011	14.8228999471055	
  292.712874385859	-2.531591426738399e-010	266.5315093330217	2.734219405082709	1.839107831868207e-011	1.768523676932162	

[0m[0;30m
updated PPi = PP_i-1*D*Pi*Dm = 
  0.6923076923076929	0	0.4615384615384604	0	0	0	
  0	0	0	0	0	0	
  0.4615384615384631	0	0.3076923076923055	0	0	0	
  0	0	0	0	0	0	
  0	0	0	0	0	0	
  0	0	0	0	0	0	

  0.1420118343195222	0	-0.2130177514792829	0	0	0	
  0	0	0	0	0	0	
  0.09467455621302851	0	-0.142011834319538	0	0	0	
  -2.130177514794139	0	-1.42011834319632	0	0	0	
  0	0	0	0	0	0	
  -1.420118343196093	0	-0.9467455621308796	0	0	0	

  0.3495675921710527	0	-1.074647246244982	-0.03277196176605043	0	-0.02184797451070419	
  0	0	0	0	0	0	
  0.7833409194357743	0	-0.3495675921709702	-0.02184797451069631	0	-0.01456531634046399	
  -36.86299499318853	0	-23.62858443332982	0	0	0	
  0	0	0	0	0	0	
  -24.57532999545903	0	-15.75238962221988	0	0	0	

  -6.08368054340115	0	-3.827141906798254	-0.4915794264905966	0	-0.3277196176604106	
  0	0	0	0	0	0	
  9.04525985318406	0	5.938027379997063	-0.3277196176605527	0	-0.2184797451070289	
  -83.16072739530361	-2.844920968452936e-011	-35.2274671786364	0.1008368054312151	-1.278674827817449e-012	0.06722453695778345	
  0	0	0	0	0	0	
  -55.67717132073508	-1.895842985010432e-011	-23.64276904611274	0.06722453695414375	0	0.04481635797185656	

  -47.24633208864563	-2.62699696695673e-012	-28.62606329805149	-1.379799780765814	0	-0.9235078495953725	
  0	0	0	0	0	0	
  71.20275560527834	3.89896844323454e-012	42.57086554334436	-0.9459160285817428	0	-0.6330382384449983	
  344.1338829404242	-3.857237019223981e-010	330.6851889125348	3.236861454150525	2.721329973207315e-011	2.157907636453031	
  0	0	0	0	0	0	
  225.5633866849057	-2.571212438842398e-010	217.9891852650084	2.157907636100417	1.813976020091705e-011	1.438605090968722	

[0m
Computing Bibar, Bibar22, ...
Applying Householder to Bibar22...
[0;32m
First Householder pivot element = 1.774937036747277e-030[0m[0;32m
Last Householder pivot <= eps (it does not hold the condition for eps=1e-010) = 1.774937036747277e-030[0m[0m[0;35m

Intermediate rank value (rank of Bbar_i,22) = 0
[0m
dim = 7 < m_dae = 8
Continue with the while cycle...

Decomposing Stilde and calculating Ri1m, Ri1m*Ri2...
Applying shift operator to DPiDm to calculate (DPiDm)'...[0;30m
DPiDm = 
  0.6923076923076923	0	0.4615384615384612	0	0	0	
  1.076923076923011	1.000000000000005	-1.615384615384672	-1.500000000000012	0	-1.000000000000009	
  0.4615384615384645	0	0.3076923076923037	0	0	0	
  -0.3076923076923416	0	0.4615384615384408	0.3076923076923036	0	-0.4615384615384642	
  1.07692307692301	0	-1.61538461538467	-1.500000000000014	1.000000000000002	-1.000000000000011	
  0.4615384615384421	0	-0.6923076923077109	-0.4615384615384683	0	0.6923076923076872	

  0.1420118343195138	0	-0.2130177514792553	0	0	0	
  4.92307692307428	0	-17.38461538461774	-0.2485207100592083	0	-0.165680473372826	
  0.09467455621304338	0	-0.1420118343195869	0	0	0	
  -2.122894856623922	0	-1.431042330451639	0	0	0	
  4.923076923074287	0	-17.38461538461775	-0.2485207100592073	0	-0.1656804733728251	
  -1.43104233045142	0	-0.9303595812478954	0	0	0	

  0.195721438325044	0	-0.8438780154756834	-0.03277196176603852	0	-0.02184797451069402	
  -91.20976160507068	0	-33.91612682324107	-9.09615384615258	0	-6.230769230768599	
  1.014110150204751	0	-0.6957214383249317	-0.02184797451071839	0	-0.01456531634048106	
  -37.07692307693913	0	-23.85798816569218	0.06932530373647883	0	-0.03070620776550639	
  -91.20976160507084	0	-33.91612682324113	-9.096153846152587	0	-6.230769230768611	
  -24.33136094675615	0	-15.29289940829171	-0.02706487868036035	0	-0.06932530373569297	

  -6.545219004939288	0	-3.134834214490335	-0.4560764679106825	0	-0.3040509786071398	
  -167.3755316158157	-6.136796269890839e-011	-123.0155216322034	-15.71160713075128	-2.687221814991574e-012	-10.33535149938842	
  9.737567545491196	0	4.899565841535132	-0.3809740555304311	0	-0.2539827036869395	
  -88.09932126411972	-2.831790139851722e-011	-40.80592139134911	-0.005251916952349542	-1.291954803977242e-012	0.07342179895846836	
  -167.3755316158159	-6.137506812626599e-011	-123.0155216322036	-15.71160713075129	-2.686999770386654e-012	-10.33535149938841	
  -48.11361369912216	-1.91384751784832e-011	-15.50858795462689	0.1494345436064143	0	0.1509050803554409	

  -46.43203987198719	-2.619080820573275e-012	-29.88596316150257	-0.9005098399374063	0	-0.6039812223764416	
  480.4611970760319	-8.339399001374686e-010	627.5354200702761	23.9589554421953	5.899667807784389e-011	14.82289994710562	
  69.94285574182933	3.887793540326338e-012	44.51840764621354	-1.664850939824342	0	-1.112328179273388	
  299.9802619990404	-3.883698567173156e-010	297.3128672686487	2.895108548660002	2.705416416555081e-011	1.860852100729411	
  480.4611970760323	-8.339576637058626e-010	627.5354200702775	23.95895544219536	5.899667807784399e-011	14.8228999471055	
  292.712874385859	-2.531591426738399e-010	266.5315093330217	2.734219405082709	1.839107831868207e-011	1.768523676932162	

[0m[0;30m
dDPiDm = DPiDm shifted = (DPiDm)' = 
  0.1420118343195138	0	-0.2130177514792553	0	0	0	
  4.92307692307428	0	-17.38461538461774	-0.2485207100592083	0	-0.165680473372826	
  0.09467455621304338	0	-0.1420118343195869	0	0	0	
  -2.122894856623922	0	-1.431042330451639	0	0	0	
  4.923076923074287	0	-17.38461538461775	-0.2485207100592073	0	-0.1656804733728251	
  -1.43104233045142	0	-0.9303595812478954	0	0	0	

  0.391442876650088	0	-1.687756030951367	-0.06554392353207704	0	-0.04369594902138805	
  -182.4195232101414	1.481925693269661e-012	-67.83225364648214	-18.19230769230516	0	-12.4615384615372	
  2.028220300409501	0	-1.391442876649863	-0.04369594902143678	0	-0.02913063268096213	
  -74.15384615387826	0	-47.71597633138437	0.1386506074729577	0	-0.06141241553101279	
  -182.4195232101417	1.478372979590861e-012	-67.83225364648226	-18.19230769230518	0	-12.46153846153722	
  -48.66272189351231	0	-30.58579881658342	-0.05412975736072069	0	-0.1386506074713859	

  -19.63565701481786	0	-9.404502643471005	-1.368229403732047	0	-0.9121529358214193	
  -502.1265948474469	-1.841038880967252e-010	-369.0465648966102	-47.13482139225384	-8.061665444974722e-012	-31.00605449816526	
  29.21270263647359	0	14.6986975246054	-1.142922166591293	0	-0.7619481110608184	
  -264.2979637923592	-8.495370419555167e-011	-122.4177641740473	-0.01575575085704863	-3.875864411931726e-012	0.2202653968754051	
  -502.1265948474477	-1.84125204378798e-010	-369.0465648966109	-47.13482139225386	-8.060999311159961e-012	-31.00605449816522	
  -144.3408410973665	-5.741542553544959e-011	-46.52576386388066	0.4483036308192429	-2.529225196773692e-012	0.4527152410663226	

  -185.7281594879488	-1.04763232822931e-011	-119.5438526460103	-3.602039359749625	0	-2.415924889505766	
  1921.844788304127	-3.335759600549875e-009	2510.141680281105	95.83582176878122	2.359867123113755e-010	59.29159978842246	
  279.7714229673173	1.555117416130535e-011	178.0736305848542	-6.659403759297369	0	-4.44931271709355	
  1199.921047996161	-1.553479426869263e-009	1189.251469074595	11.58043419464001	1.082166566622033e-010	7.443408402917644	
  1921.844788304129	-3.335830654823451e-009	2510.14168028111	95.83582176878146	2.35986712311376e-010	59.29159978842201	
  1170.851497543436	-1.012636570695359e-009	1066.126037332087	10.93687762033084	7.35643132747283e-011	7.074094707728646	

  0	0	0	0	0	0	
  0	0	0	0	0	0	
  0	0	0	0	0	0	
  0	0	0	0	0	0	
  0	0	0	0	0	0	
  0	0	0	0	0	0	

[0m[0;30m
PPi_{i-1} = 
  0.6923076923076921	0	0.4615384615384616	0	0	0	
  0	0	0	0	0	0	
  0.4615384615384617	0	0.3076923076923077	0	0	0	
  0	0	0	0.6923076923076924	0	0.4615384615384616	
  0	0	0	0	0	0	
  0	0	0	0.4615384615384614	0	0.307692307692308	

  0	0	0	0.07100591715976315	0	0.04733727810650909	
  0	0	0	0	0	0	
  0	0	0	-0.1065088757396448	0	-0.07100591715976354	
  0.07100591715976326	0	-0.1065088757396449	0	0	0	
  0	0	0	0	0	0	
  0.04733727810650884	0	-0.07100591715976323	0	0	0	

  -0.06372325898953113	0	0.01866181156121927	0.7455621301775174	0	0.4970414201183433	
  0	0	0	0	0	0	
  0.0186618115612196	0	0.08739189804278658	-1.118343195266275	0	-0.7455621301775153	
  0.7455621301775159	0	-1.118343195266274	-0.08739189804278497	0	0.01866181156121927	
  0	0	0	0	0	0	
  0.4970414201183441	0	-0.7455621301775152	0.01866181156121971	0	0.06372325898952982	

  0.2239417387346383	0	-0.2589895311788819	-0.2884352788767918	0	-0.1844006395667747	
  0	0	0	0	0	0	
  -0.2589895311788804	0	0.2730996813837073	0.4504043976051283	0	0.2884352788767889	
  -0.2884352788767902	0	0.450404397605127	-0.2730996813837056	0	-0.258989531178881	
  0	0	0	0	0	0	
  -0.1844006395667756	0	0.2884352788767904	-0.2589895311788805	0	-0.2239417387346379	

  0.6750257433706945	0	-1.092571993905985	-0.3811141066489299	0	-0.1791253807639761	
  0	0	0	0	0	0	
  -1.092571993905989	0	1.739677289903127	0.7403102132278323	0	0.3811141066489232	
  -0.3811141066489272	0	0.7403102132278301	-1.73967728990313	0	-1.092571993905982	
  0	0	0	0	0	0	
  -0.1791253807639801	0	0.3811141066489291	-1.092571993905985	0	-0.6750257433706892	

[0m[0;30m
(DP_{i-1}Dm)' = 
  0	0	0	0.07100591715976315	0	0.04733727810650909	
  0	0	0	0	0	0	
  0	0	0	-0.1065088757396448	0	-0.07100591715976354	
  0.07100591715976318	0	-0.1065088757396451	0.07100591715976301	0	0.04733727810650934	
  0	0	0	0	0	0	
  0.04733727810650897	0	-0.07100591715976282	-0.1065088757396447	0	-0.07100591715976351	

  -0.1274465179790623	0	0.03732362312243853	1.491124260355035	0	0.9940828402366866	
  0	0	0	0	0	0	
  0.0373236231224392	0	0.1747837960855732	-2.236686390532551	0	-1.491124260355031	
  1.363677742375969	0	-2.199362767410108	1.45835229858899	0	0.9722348657259892	
  0	0	0	0	0	0	
  1.031406463359128	0	-1.316340464269459	-2.258534365043246	0	-1.505689576695497	

  0.6718252162039148	0	-0.7769685935366457	-0.8653058366303753	0	-0.5532019187003241	
  0	0	0	0	0	0	
  -0.7769685935366411	0	0.819299044151122	1.351213192815385	0	0.8653058366303666	
  -0.1934806204264554	0	0.5742445992787348	-1.897622632260782	0	-1.24141311578726	
  0	0	0	0	0	0	
  -1.330170512236968	0	1.684604880781494	0.6630019957284481	0	0.4064983719057398	

  2.700102973482778	0	-4.37028797562394	-1.524456426595719	0	-0.7165015230559044	
  0	0	0	0	0	0	
  -4.370287975623954	0	6.958709159612509	2.961240852911329	0	1.524456426595693	
  1.175646546887068	0	-1.409047122712617	-8.204603911196854	0	-5.177215837626882	
  0	0	0	0	0	0	
  -5.086789498679872	0	8.483165586208227	-1.499473461659665	0	-1.454208221898441	

  0	0	0	0	0	0	
  0	0	0	0	0	0	
  0	0	0	0	0	0	
  0	0	0	0	0	0	
  0	0	0	0	0	0	
  0	0	0	0	0	0	

[0m[0;30m
DerivPPi = (PP_{i-1}DPiDm)' = 
  0.1420118343195222	0	-0.2130177514792829	0	0	0	
  0	0	0	0	0	0	
  0.09467455621302851	0	-0.142011834319538	0	0	0	
  -2.130177514794143	0	-1.420118343196323	0	0	0	
  0	0	0	0	0	0	
  -1.420118343196088	0	-0.9467455621308758	0	0	0	

  0.6991351843421054	0	-2.149294492489964	-0.0655439235321008	0	-0.04369594902140821	
  0	0	0	0	0	0	
  1.566681838871548	0	-0.6991351843419404	-0.04369594902139265	0	-0.0291306326809278	
  -74.08648156580374	0	-47.3436504324313	0.07100591716094298	0	-0.106508875739037	
  0	0	0	0	0	0	
  -48.76376877562417	0	-31.14428766501302	0.0473372781073258	0	-0.07100591715933326	

  -18.25104163020345	0	-11.48142572039476	-1.47473827947179	0	-0.9831588529812316	
  0	0	0	0	0	0	
  27.13577955955218	0	17.81408213999119	-0.9831588529816577	0	-0.6554392353210867	
  -257.8621408708352	-8.516804584352369e-011	-111.3905700174085	0.1887188823838328	-3.837059601227937e-012	0.3723609117382103	
  0	0	0	0	0	0	
  -154.2271653749644	-5.714466377600724e-011	-62.71767025587078	0.1415916809579186	-2.558473797337115e-012	0.2245719687721272	

  -188.9853283545825	-1.050798786782692e-011	-114.504253192206	-5.519199123063254	0	-3.694031398381489	
  0	0	0	0	0	0	
  284.8110224211134	1.559587377293816e-011	170.2834621733775	-3.783664114326971	0	-2.532152953779993	
  1287.554798539697	-1.545196783046616e-009	1267.757463245503	13.0344983600123	1.086651346958408e-010	8.547653740432926	
  0	0	0	0	0	0	
  1035.342610462775	-1.025024914731333e-009	954.5727811690364	8.809876116854492	7.284250191225092e-011	5.453789864510474	

  -189.1127364512286	-3.517981070249343e-010	31.51701728100609	2.053135932917194	7.090631535870092e-012	1.903752562086861	
  0	0	0	0	0	0	
  283.9604110036518	5.276910880436443e-010	-47.904793104031	-3.11953093624428	-1.062370360520804e-011	-2.89204213398147	
  -86.18558744396351	-9.687535382783542e-011	0.975734530314206	1.39452517522447	0	1.345152874310741	
  0	0	0	0	0	0	
  123.8563622572579	1.455232907854449e-010	14.06314527490736	-0.08884668934392226	0	-0.2938751046800979	

[0m
Computing Zi...
Computing Wihat using Gaussian elimin. with scalling and col. pivoting...
Decomposing V_i+1=[V_i+1,1|V_i+1,2] and updating b=[b|V_i+1,2]...[0;31m

WARNING  -->  What_1 <> Sim_new*Ztilde (for eps=1e-010)
[0m
Applying Householder to Ztilde...
[0;32m
First Householder pivot element = 3296.21960481082[0m[0;32m
Last Householder pivot > eps (it holds the condition for eps=1e-010) = 0.03485075011599775[0m[0m

i = 4,  dim = 7
----------------
[0;31m
WARNING  -->  |Qi^2 - Qi| > eps (for eps=1e-010)

The calculation of the projectors might have problems...
At least for one Taylor coefficient holds: the Frobenius norm of Qi^2 - Qi > eps[0m[0;31m
Frobenius norms =
  3.310799e-014
  2.932208e-013
  11.070708
  163.92445
  921.49011

[0m[0;31m
WARNING  -->  |Gi*Qi| > eps (for eps=1e-010)

At least for one Taylor coefficient holds: the Frobenius norm of Gi*Qi > eps[0m[0;31m
Frobenius norms =
  0.2773501
  0.68536957
  3.8138159
  5.4577966
  11.534382

[0m
Computing D*Pi*Dm and updating PPi...[0;30m
D*Pi*Dm = 
  0	0	0	0	0	0	
  -0.4230769230768487	0.9999999999999982	-2.615384615384558	0	0	0	
  0	0	0	0	0	0	
  -0.9999999999999697	0	0	1.00000000000001	0	0	
  -0.4230769230768523	0	-2.615384615384562	0	0.9999999999999963	0	
  0	0	-0.9999999999999861	0	0	1.000000000000004	

  -0.07100591715999917	0	-0.04733727810615538	0.07100591715986385	0	0.04733727810657497	
  15.27810650888158	0	-12.6094674556178	-0.2485207100590649	0	-0.1656804733727342	
  0.1065088757395204	0	0.07100591715989718	-0.1065088757395794	0	-0.07100591715972272	
  2.026399635868232	0	1.504779244425443	0.071005917159834	0	0.04733727810655868	
  15.2781065088816	0	-12.6094674556178	-0.2485207100590738	0	-0.1656804733727387	
  1.350933090578794	0	1.003186162950194	-0.1065088757396022	0	-0.0710059171597391	

  0.5391968068330199	0	-1.958089702739436	0.7455621301764435	0	0.4970414201177016	
  96.7228300409615	1.437063068971781e-012	12.22100072833697	-5.037323623128419	0	-3.358215748752126	
  -0.8087952102522992	0	2.937134554113052	-1.118343195266951	0	-0.745562130177913	
  37.45666091201858	0	21.3619432631486	0.7619481110586243	0	0.5079654073725296	
  96.7228300409615	1.321599874410764e-012	12.22100072833722	-5.037323623128451	0	-3.358215748752124	
  22.05151995864189	0	17.59503545717941	-1.107419208012172	0	-0.7382794720080445	

  10.9772684189883	2.834473098272642e-011	-3.130486483634488	-0.5335947620814843	1.258886632874462e-012	-0.3478402950404971	
  422.3083384053455	7.475874974725275e-011	-208.6309056205929	-30.00866969321214	3.497244527222747e-012	-20.03339320771277	
  -16.48365410769092	1.905840641469903e-011	4.683895405805234	0.8181436224281948	0	0.5335947620895934	
  93.43015001769555	3.493641797705278e-011	26.53001212959701	-0.4991098674065716	1.5460161312068e-012	-0.3248503652572985	
  422.3083384053454	7.482092223663176e-011	-208.630905620593	-30.00866969321216	3.497466571827679e-012	-20.03339320771272	
  33.82285812106153	2.314988339306123e-011	32.70578140647606	0.8708243893676598	1.027268168098827e-012	0.568715273382519	

  40.03742162807911	4.070114873003128e-010	36.73575634798924	-4.03203109935431	-2.733632707970367e-011	-2.613070042922566	
  -1399.157456901654	6.95848946307641e-010	107.7315378167735	-98.90364426294869	-7.12327585810656e-011	-66.4678520552787	
  -56.58997229265759	2.624734269880302e-010	-60.55173683096183	6.216685702899525	-1.875058219299968e-011	4.032031099527466	
  -276.9477223693522	3.256659677093784e-010	-337.7808448818271	-8.266597041350519	-3.247163923089434e-011	-5.434293339703308	
  -1399.157456901656	6.960834254104419e-010	107.7315378167708	-98.90364426295021	-7.123275858106578e-011	-66.46785205527823	
  -331.5255647698967	2.151635986812016e-010	-213.1428978844673	4.918580474390501	-2.185182632444678e-011	3.167841390221098	

[0m[0;30m
updated PPi = PP_i-1*D*Pi*Dm = 
  0	0	0	0	0	0	
  0	0	0	0	0	0	
  0	0	0	0	0	0	
  0	0	0	0	0	0	
  0	0	0	0	0	0	
  0	0	0	0	0	0	

  0	0	0	0	0	0	
  0	0	0	0	0	0	
  0	0	0	0	0	0	
  0	0	0	0	0	0	
  0	0	0	0	0	0	
  0	0	0	0	0	0	

  -1.181784068080883e-012	0	1.841492236476228e-012	-1.067305763522821e-012	0	0	
  0	0	0	0	0	0	
  0	0	1.219777751026996e-012	0	0	0	
  0	0	-3.296581795161477e-012	0	0	0	
  0	0	0	0	0	0	
  0	0	-2.197119712925923e-012	0	0	0	

  0.4970414201561746	2.858911004384507e-011	-0.7455621302333708	7.306874289653154e-012	1.268680503887024e-012	0	
  0	0	0	0	0	0	
  0.3313609467709704	1.870906005337314e-011	-0.4970414201547637	4.973264204968797e-012	0	0	
  4.352557523146493e-011	-2.171461136954567e-011	5.063119368209357e-011	-5.948814201421778e-012	0	0	
  0	0	0	0	0	0	
  2.901317828108237e-011	-1.446819971849988e-011	3.373412660323538e-011	-3.970131188236655e-012	0	0	

  5.983614019585102	4.014959246105089e-010	-9.010923988008555	-0.1147018658991626	-2.761689928290263e-011	-0.07646791095381589	
  0	0	0	0	0	0	
  3.989076013044091	2.70731747128076e-010	-6.007282658675371	-0.07646791059786615	-1.831478651149173e-011	-0.0509786073021421	
  -1.529358215698138	-4.648090477500008e-010	2.294037324823449	-2.571988741775777e-010	2.21522125289502e-011	1.891540257759061e-010	
  0	0	0	0	0	0	
  -1.01957214379869	-3.097922456904518e-010	1.529358216548651	-1.714912604283692e-010	1.477370148852053e-011	1.260735960073589e-010	

[0m
Computing Bibar, Bibar22, ...
Applying Householder to Bibar22...
[0;32m
First Householder pivot element = 1.514792899408282[0m[0;32m
Last Householder pivot > eps (it holds the condition for eps=1e-010) = 1.514792899408282[0m[0m[0;35m

Intermediate rank value (rank of Bbar_i,22) = 1
[0m
i = 4, dim = 8, m_dae = 8
The rank is = 8
We are done! Terminating while-cycle...

[0;35m**************
The INDEX is = 5
**************
[0m
*** END OF COMPUTATIONS ***

Successful termination! Returned code = 0
